1.000000000000000000e+06 2.967359050445103966e-03
1.090000000000000000e+06 3.378378378378378566e-03
1.180000000000000000e+06 3.831417624521072599e-03
1.270000000000000000e+06 4.347826086956521792e-03
1.360000000000000000e+06 4.901960784313725422e-03
1.450000000000000000e+06 5.509641873278237068e-03
1.540000000000000000e+06 6.134969325153374377e-03
1.630000000000000000e+06 6.779661016949152345e-03
1.720000000000000000e+06 7.407407407407407690e-03
1.810000000000000000e+06 8.130081300813008990e-03
1.900000000000000000e+06 8.771929824561403022e-03
1.990000000000000000e+06 9.433962264150943036e-03
2.080000000000000000e+06 1.010101010101010187e-02
2.170000000000000000e+06 1.063829787234042527e-02
2.260000000000000000e+06 1.129943502824858753e-02
2.350000000000000000e+06 1.176470588235294101e-02
2.440000000000000000e+06 1.234567901234567833e-02
2.530000000000000000e+06 1.265822784810126563e-02
2.620000000000000000e+06 1.307189542483660170e-02
2.710000000000000000e+06 1.351351351351351426e-02
2.800000000000000000e+06 1.379310344827586188e-02
2.890000000000000000e+06 1.408450704225352144e-02
2.980000000000000000e+06 1.428571428571428527e-02
3.070000000000000000e+06 1.449275362318840597e-02
3.160000000000000000e+06 1.470588235294117627e-02
3.250000000000000000e+06 1.492537313432835792e-02
3.340000000000000000e+06 1.492537313432835792e-02
3.430000000000000000e+06 1.538461538461538547e-02
3.520000000000000000e+06 1.538461538461538547e-02
3.610000000000000000e+06 1.538461538461538547e-02
3.700000000000000000e+06 1.550387596899224785e-02
3.790000000000000000e+06 1.562500000000000000e-02
3.880000000000000000e+06 1.562500000000000000e-02
3.970000000000000000e+06 1.562500000000000000e-02
4.060000000000000000e+06 1.574803149606299191e-02
4.150000000000000000e+06 1.562500000000000000e-02
4.240000000000000000e+06 1.562500000000000000e-02
4.330000000000000000e+06 1.562500000000000000e-02
4.420000000000000000e+06 1.562500000000000000e-02
4.510000000000000000e+06 1.550387596899224785e-02
4.600000000000000000e+06 1.550387596899224785e-02
4.690000000000000000e+06 1.562500000000000000e-02
4.780000000000000000e+06 1.562500000000000000e-02
4.870000000000000000e+06 1.562500000000000000e-02
4.960000000000000000e+06 1.562500000000000000e-02
5.050000000000000000e+06 1.562500000000000000e-02
5.140000000000000000e+06 1.562500000000000000e-02
5.230000000000000000e+06 1.562500000000000000e-02
5.320000000000000000e+06 1.562500000000000000e-02
5.410000000000000000e+06 1.538461538461538547e-02
5.500000000000000000e+06 1.538461538461538547e-02
5.590000000000000000e+06 1.526717557251908337e-02
5.680000000000000000e+06 1.526717557251908337e-02
5.770000000000000000e+06 1.526717557251908337e-02
5.860000000000000000e+06 1.515151515151515194e-02
5.950000000000000000e+06 1.515151515151515194e-02
6.040000000000000000e+06 1.503759398496240518e-02
6.130000000000000000e+06 1.470588235294117627e-02
6.220000000000000000e+06 1.470588235294117627e-02
6.310000000000000000e+06 1.470588235294117627e-02
6.400000000000000000e+06 1.459854014598540098e-02
6.490000000000000000e+06 1.459854014598540098e-02
6.580000000000000000e+06 1.428571428571428527e-02
6.670000000000000000e+06 1.428571428571428527e-02
6.760000000000000000e+06 1.398601398601398600e-02
6.850000000000000000e+06 1.408450704225352144e-02
6.940000000000000000e+06 1.388888888888888812e-02
7.030000000000000000e+06 1.369863013698630061e-02
7.120000000000000000e+06 1.369863013698630061e-02
7.210000000000000000e+06 1.369863013698630061e-02
7.300000000000000000e+06 1.351351351351351426e-02
7.390000000000000000e+06 1.351351351351351426e-02
7.480000000000000000e+06 1.342281879194630843e-02
7.570000000000000000e+06 1.333333333333333419e-02
7.660000000000000000e+06 1.333333333333333419e-02
7.750000000000000000e+06 1.333333333333333419e-02
7.840000000000000000e+06 1.324503311258278145e-02
7.930000000000000000e+06 1.333333333333333419e-02
8.020000000000000000e+06 1.315789473684210453e-02
8.110000000000000000e+06 1.307189542483660170e-02
8.200000000000000000e+06 1.298701298701298787e-02
8.290000000000000000e+06 1.298701298701298787e-02
8.380000000000000000e+06 1.298701298701298787e-02
8.470000000000000000e+06 1.290322580645161289e-02
8.560000000000000000e+06 1.282051282051282007e-02
8.650000000000000000e+06 1.282051282051282007e-02
8.740000000000000000e+06 1.282051282051282007e-02
8.830000000000000000e+06 1.282051282051282007e-02
8.920000000000000000e+06 1.282051282051282007e-02
9.010000000000000000e+06 1.282051282051282007e-02
9.100000000000000000e+06 1.273885350318471402e-02
9.190000000000000000e+06 1.265822784810126563e-02
9.280000000000000000e+06 1.250000000000000069e-02
9.370000000000000000e+06 1.242236024844720413e-02
9.460000000000000000e+06 1.234567901234567833e-02
9.550000000000000000e+06 1.219512195121951262e-02
9.640000000000000000e+06 1.204819277108433798e-02
9.730000000000000000e+06 1.204819277108433798e-02
9.820000000000000000e+06 1.190476190476190410e-02
9.910000000000000000e+06 1.176470588235294101e-02
